#
#
#  Percent Identity  Matrix - created by Clustal2.1 
#
#

     1: FOXP3       100.00   81.82   75.64   44.59   50.00   43.59   41.03   46.15   43.59    6.56    6.56    -nan    -nan    -nan    -nan   11.11   11.11   11.11   11.11   11.11   11.11   11.11   11.11   11.11   11.11   10.53    8.57    5.71    5.26    5.56    5.26    5.56    0.00   17.39   17.39   13.04   13.04   13.04   17.39   17.39    5.56    0.00   10.53    5.26    4.76    0.00    0.00    0.00    0.00    0.00    0.00    0.00    0.00    0.00    6.25    0.00    0.00   16.67    0.00    5.56
     2: FOXP1        81.82  100.00   89.61   47.30   48.65   46.75   44.16   42.86   44.16    6.67   10.00    -nan    -nan    -nan    -nan   11.11   11.11   11.11   11.11   11.11   11.11   11.11   11.11   11.11   11.11   16.07    8.57    8.57    5.26    5.56    5.26    5.56    0.00   13.04   13.04    8.70    8.70   13.04   13.04   13.04    5.56    0.00    5.26    5.26    9.52    9.09    9.09    9.09    4.55    4.55    4.55    4.55    4.55    4.55    6.25    4.76    5.26   11.11    5.56   11.11
     3: FOXP2        75.64   89.61  100.00   45.95   47.30   43.04   39.24   39.24   40.51    6.45    8.06    -nan    -nan    -nan    -nan   11.11   11.11   11.11   11.11   11.11   11.11   11.11   11.11   11.11   11.11   17.24   14.29   11.43    0.00    0.00    0.00    5.56    0.00   13.04   13.04    8.70    8.70   13.04   13.04   13.04    5.56    0.00    5.26    5.26    9.52    4.55    4.55    4.55    4.55    4.55    4.55    4.55    4.55    4.55    6.25    0.00    0.00   11.11   11.11   11.11
     4: FOXO3        44.59   47.30   45.95  100.00   53.33   46.75   45.45   42.86   44.16    6.06    9.09    -nan    -nan    -nan    -nan   28.57   28.57   14.29   14.29   14.29   14.29   14.29   14.29   14.29   14.29   19.05   22.22   25.00    0.00    0.00    0.00    5.56    0.00    8.70    8.70    8.70    8.70    8.70   13.04   13.04    0.00    5.26    0.00    0.00    9.52    4.55    4.55    4.55    9.09    9.09    9.09    9.09    9.09    9.09    6.25    0.00    0.00    0.00    5.56    5.56
     5: FOXJ2        50.00   48.65   47.30   53.33  100.00   56.96   59.49   56.96   54.43    8.06    9.68    -nan    -nan    -nan    -nan   22.22   22.22   22.22   22.22   22.22   22.22   22.22   22.22   22.22   22.22   17.24   20.00   17.14    0.00    0.00    0.00    5.56    0.00    8.70    8.70   13.04   13.04    8.70    8.70    8.70    5.56   10.53   10.53   10.53    0.00    4.55    4.55    4.55    9.09    9.09    9.09    9.09    9.09    9.09    0.00    4.76    5.26   11.11    5.56   11.11
     6: FOXF1        43.59   46.75   43.04   46.75   56.96  100.00   60.00   65.12   63.95   13.43   16.42    -nan    -nan    -nan    -nan   11.11   11.11   20.00   20.00   20.00   20.00   20.00   20.00   20.00   20.00   18.75   16.67   16.67    0.00    0.00    0.00   16.67    5.26   17.39   17.39    8.70    8.70   13.04    8.70    8.70   11.11    5.26   10.53    0.00    4.76    4.55    4.55    4.55    0.00    0.00    4.55    0.00    4.55    4.55    6.25    4.76    5.26   11.11   11.11   22.22
     7: FOXA2        41.03   44.16   39.24   45.45   59.49   60.00  100.00   66.28   58.14   13.43   16.42    -nan    -nan    -nan    -nan   11.11   11.11   11.11   11.11   11.11   11.11   11.11   11.11   11.11   11.11   20.00   17.14   17.14    0.00    0.00    0.00   22.22   10.53   17.39   17.39   13.04   13.04    8.70    8.70    8.70   16.67   15.79   10.53   10.53    4.76    0.00    0.00    0.00    4.55    4.55    4.55    4.55    4.55    4.55    0.00    9.52   10.53   16.67   16.67   22.22
     8: FOXL1        46.15   42.86   39.24   42.86   56.96   65.12   66.28  100.00   70.11   10.45   10.45    -nan    -nan    -nan    -nan   11.11   11.11   20.00   20.00   20.00   20.00   20.00   20.00   20.00   20.00   15.38   13.89   13.89    0.00    0.00    0.00   16.67    5.26   13.04   13.04   17.39   17.39   13.04   13.04   13.04   16.67   10.53    5.26    5.26    4.76    0.00    0.00    0.00    4.55    4.55    4.55    4.55    4.55    4.55    6.25    4.76    5.26   11.11    0.00    5.56
     9: FOXL2        43.59   44.16   40.51   44.16   54.43   63.95   58.14   70.11  100.00   13.43   17.91    -nan    -nan    -nan    -nan   11.11   11.11   20.00   20.00   20.00   20.00   20.00   20.00   20.00   20.00   18.46   22.22   22.22    0.00    0.00    0.00   11.11    5.26   17.39   17.39   17.39   17.39   13.04   13.04   13.04   16.67   15.79   15.79   10.53    4.76    0.00    0.00    0.00    0.00    0.00    0.00    0.00    0.00    0.00    0.00    0.00    0.00   11.11    5.56   11.11
    10: NFATC3        6.56    6.67    6.45    6.06    8.06   13.43   13.43   10.45   13.43  100.00   81.76   12.50   12.50   10.00   12.50   20.83   18.75   18.75   14.58   14.58   14.58   22.92   22.92   20.83   20.83   20.48   14.29   14.29    8.77    8.77    8.77   14.04   12.28   10.34   10.34   10.17    6.90    5.17    5.17    5.17   14.29   16.13   13.79   24.14   19.23    9.43    9.43    9.43   11.32   15.09   13.21   13.21    5.77    5.77    7.50   10.00    7.32    9.52   13.16   13.16
    11: NFATC4        6.56   10.00    8.06    9.09    9.68   16.42   16.42   10.45   17.91   81.76  100.00   12.50   12.50   12.50   12.50   20.83   18.75   18.75   16.67   12.50   12.50   22.92   20.83   18.75   18.75   16.67   13.19   12.09    5.26    5.26    5.26   12.28   10.53   10.34   10.34   10.17    6.90    5.17    8.62    8.62    8.57   12.90    6.90   20.69   15.38    5.66    5.66    5.66    7.55   11.32    9.43   11.32    3.85    3.85    7.50   17.50   14.63    9.52   21.05   21.05
    12: TGIF2LX       -nan    -nan    -nan    -nan    -nan    -nan    -nan    -nan    -nan   12.50   12.50  100.00   97.50   65.00   70.00   25.00   25.00   27.50   30.00   25.00   27.50   25.00   22.50   22.50   22.50    -nan   25.00   20.00    5.00    5.00    5.00   20.00   15.00   10.00   10.00   10.00   21.05   10.53   15.79   15.79    -nan    -nan    -nan    -nan   14.29   28.57   28.57   28.57   28.57   28.57   21.43   28.57   23.08   23.08   25.00   14.29   12.50    0.00   50.00   50.00
    13: TGIF2LY       -nan    -nan    -nan    -nan    -nan    -nan    -nan    -nan    -nan   12.50   12.50   97.50  100.00   62.50   67.50   22.50   22.50   25.00   27.50   22.50   25.00   22.50   20.00   20.00   20.00    -nan   25.00   20.00    5.00    5.00    5.00   20.00   15.00   10.00   10.00   10.00   15.79   10.53   15.79   15.79    -nan    -nan    -nan    -nan   21.43   35.71   35.71   35.71   35.71   35.71   28.57   35.71   30.77   30.77   25.00   14.29   12.50    0.00   50.00   50.00
    14: TGIF1         -nan    -nan    -nan    -nan    -nan    -nan    -nan    -nan    -nan   10.00   12.50   65.00   62.50  100.00   82.50   35.00   35.00   27.50   27.50   32.50   30.00   27.50   25.00   25.00   25.00    -nan   25.00   25.00    5.00    5.00    5.00   20.00   15.00   10.00   10.00   10.00   21.05   10.53   15.79   15.79    -nan    -nan    -nan    -nan   21.43   21.43   21.43   21.43   21.43   21.43   21.43   35.71   30.77   30.77   25.00   14.29   12.50    0.00   50.00   50.00
    15: TGIF2         -nan    -nan    -nan    -nan    -nan    -nan    -nan    -nan    -nan   12.50   12.50   70.00   67.50   82.50  100.00   27.50   30.00   25.00   27.50   27.50   30.00   25.00   22.50   22.50   22.50    -nan   22.50   25.00    5.00    5.00    5.00   20.00   15.00   10.00   10.00   10.00   21.05   10.53   15.79   15.79    -nan    -nan    -nan    -nan   21.43   21.43   21.43   21.43   21.43   21.43   21.43   35.71   30.77   30.77   25.00   14.29   12.50    0.00   50.00   50.00
    16: CDX2         11.11   11.11   11.11   28.57   22.22   11.11   11.11   11.11   11.11   20.83   20.83   25.00   22.50   35.00   27.50  100.00   87.50   55.36   53.57   53.57   55.36   58.93   60.71   57.14   57.14    -nan   32.14   28.57    9.52    9.52    9.52   14.29   14.29   13.04   13.04   13.04   18.18    9.09   13.64   13.64    -nan    -nan    -nan    -nan   17.65   17.65   17.65   17.65   17.65   23.53   11.76   23.53   12.50   12.50   18.18   20.00    9.09    9.09   28.57   28.57
    17: CDX4         11.11   11.11   11.11   28.57   22.22   11.11   11.11   11.11   11.11   18.75   18.75   25.00   22.50   35.00   30.00   87.50  100.00   50.00   50.00   57.14   57.14   62.50   60.71   60.71   60.71    -nan   33.93   33.93    9.52    9.52    9.52   14.29   14.29   13.04   13.04   13.04   18.18    9.09   13.64   13.64    -nan    -nan    -nan    -nan   17.65   17.65   17.65   17.65   17.65   23.53   11.76   23.53   12.50   12.50   18.18   20.00    9.09    9.09   28.57   28.57
    18: HOXC13       11.11   11.11   11.11   14.29   22.22   20.00   11.11   20.00   20.00   18.75   18.75   27.50   25.00   27.50   25.00   55.36   50.00  100.00   61.40   56.14   59.65   56.14   54.39   54.39   54.39    -nan   29.82   26.32    4.76    4.76    4.76   19.05   19.05   21.74   21.74   21.74   22.73    9.09   18.18   18.18    -nan    -nan    -nan    -nan   17.65   17.65   17.65   17.65   17.65   23.53   11.76   23.53   12.50   12.50    9.09   20.00    9.09    9.09   28.57   28.57
    19: HOXA11       11.11   11.11   11.11   14.29   22.22   20.00   11.11   20.00   20.00   14.58   16.67   30.00   27.50   27.50   27.50   53.57   50.00   61.40  100.00   68.42   68.42   64.91   66.67   66.67   66.67    -nan   31.58   31.58    4.76    4.76    4.76    9.52    9.52   21.74   21.74   13.04   22.73    9.09   18.18   18.18    -nan    -nan    -nan    -nan   17.65   17.65   17.65   17.65   17.65   23.53   11.76   23.53   12.50   12.50    9.09   20.00    9.09    9.09   28.57   28.57
    20: HOXA10       11.11   11.11   11.11   14.29   22.22   20.00   11.11   20.00   20.00   14.58   12.50   25.00   22.50   32.50   27.50   53.57   57.14   56.14   68.42  100.00   92.98   80.70   82.46   82.46   82.46    -nan   33.33   31.58    4.76    4.76    4.76    9.52    9.52   21.74   21.74   13.04   22.73    9.09   18.18   18.18    -nan    -nan    -nan    -nan   23.53   17.65   17.65   17.65   17.65   23.53   11.76   29.41   18.75   18.75    9.09   20.00    9.09    9.09   28.57   28.57
    21: HOXC10       11.11   11.11   11.11   14.29   22.22   20.00   11.11   20.00   20.00   14.58   12.50   27.50   25.00   30.00   30.00   55.36   57.14   59.65   68.42   92.98  100.00   80.70   82.46   82.46   82.46    -nan   33.33   29.82    4.76    4.76    4.76    9.52    9.52   21.74   21.74   13.04   22.73    9.09   18.18   18.18    -nan    -nan    -nan    -nan   23.53   17.65   17.65   17.65   17.65   23.53   11.76   29.41   18.75   18.75    9.09   20.00    9.09    9.09   28.57   28.57
    22: HOXB9        11.11   11.11   11.11   14.29   22.22   20.00   11.11   20.00   20.00   22.92   22.92   25.00   22.50   27.50   25.00   58.93   62.50   56.14   64.91   80.70   80.70  100.00   92.98   94.74   94.74    -nan   33.33   33.33    4.76    4.76    4.76   14.29   14.29   21.74   21.74   21.74   27.27   13.64   22.73   22.73    -nan    -nan    -nan    -nan   17.65   17.65   17.65   17.65   17.65   23.53   17.65   23.53   12.50   12.50    9.09   20.00    9.09    9.09   28.57   28.57
    23: HOXA9        11.11   11.11   11.11   14.29   22.22   20.00   11.11   20.00   20.00   22.92   20.83   22.50   20.00   25.00   22.50   60.71   60.71   54.39   66.67   82.46   82.46   92.98  100.00   94.74   94.74    -nan   35.09   31.58    4.76    4.76    4.76   14.29   14.29   21.74   21.74   21.74   27.27   13.64   18.18   18.18    -nan    -nan    -nan    -nan   17.65   17.65   17.65   17.65   17.65   23.53   17.65   23.53   12.50   12.50    9.09   20.00    9.09    9.09   28.57   28.57
    24: HOXC9        11.11   11.11   11.11   14.29   22.22   20.00   11.11   20.00   20.00   20.83   18.75   22.50   20.00   25.00   22.50   57.14   60.71   54.39   66.67   82.46   82.46   94.74   94.74  100.00   98.25    -nan   33.33   33.33    4.76    4.76    4.76   14.29   14.29   17.39   17.39   17.39   22.73    9.09   13.64   13.64    -nan    -nan    -nan    -nan   17.65   17.65   17.65   17.65   17.65   23.53   17.65   23.53   12.50   12.50    9.09   20.00    9.09    9.09   28.57   28.57
    25: HOXD9        11.11   11.11   11.11   14.29   22.22   20.00   11.11   20.00   20.00   20.83   18.75   22.50   20.00   25.00   22.50   57.14   60.71   54.39   66.67   82.46   82.46   94.74   94.74   98.25  100.00    -nan   33.33   33.33    4.76    4.76    4.76   14.29   14.29   17.39   17.39   17.39   22.73    9.09   13.64   13.64    -nan    -nan    -nan    -nan   17.65   17.65   17.65   17.65   17.65   23.53   17.65   23.53   12.50   12.50    9.09   20.00    9.09    9.09   28.57   28.57
    26: POU3F1       10.53   16.07   17.24   19.05   17.24   18.75   20.00   15.38   18.46   20.48   16.67    -nan    -nan    -nan    -nan    -nan    -nan    -nan    -nan    -nan    -nan    -nan    -nan    -nan    -nan  100.00   78.57   95.71   14.29   15.38   21.43   30.77   21.43   10.87   10.87   10.64   10.64   15.22   15.22   15.22   19.64   22.64    9.80    9.80   11.36    8.89    8.89    8.89   20.00   20.00    6.67   11.11   15.56   17.78    4.35    9.09    9.52   12.50    8.33    8.33
    27: POU2F3        8.57    8.57   14.29   22.22   20.00   16.67   17.14   13.89   22.22   14.29   13.19   25.00   25.00   25.00   22.50   32.14   33.93   29.82   31.58   33.33   33.33   33.33   35.09   33.33   33.33   78.57  100.00   71.88    8.57   11.76   14.29   17.65   14.29    8.57    8.57    9.86   12.86   11.59   10.14   10.14   17.86   18.87   13.73    9.80   14.52   11.11   11.11   11.11   19.05   20.63    9.52   14.29   14.52   16.13    5.17   10.91   11.11   10.00   10.71    8.93
    28: POU3F4        5.71    8.57   11.43   25.00   17.14   16.67   17.14   13.89   22.22   14.29   12.09   20.00   20.00   25.00   25.00   28.57   33.93   26.32   31.58   31.58   29.82   33.33   31.58   33.33   33.33   95.71   71.88  100.00    8.57   11.76   14.29   17.65   14.29   11.43   11.43   12.68   15.71   14.49   13.04   13.04   19.64   22.64   11.76    9.80   12.90   11.11   11.11   11.11   20.63   20.63    9.52   14.29   14.52   16.13    5.17   10.91   11.11   11.67   10.71   10.71
    29: GATA2         5.26    5.26    0.00    0.00    0.00    0.00    0.00    0.00    0.00    8.77    5.26    5.00    5.00    5.00    5.00    9.52    9.52    4.76    4.76    4.76    4.76    4.76    4.76    4.76    4.76   14.29    8.57    8.57  100.00   88.06   82.35   52.24   52.94   20.00   20.00   20.00   23.08   20.51   17.95   17.95    0.00    0.00    0.00    8.33   15.15   15.15   15.15   15.15    9.09   12.12   12.12   12.12   12.50   12.50    0.00    9.09    9.52   15.00    6.25    6.25
    30: GATA4         5.56    5.56    0.00    0.00    0.00    0.00    0.00    0.00    0.00    8.77    5.26    5.00    5.00    5.00    5.00    9.52    9.52    4.76    4.76    4.76    4.76    4.76    4.76    4.76    4.76   15.38   11.76   11.76   88.06  100.00   91.04   52.24   52.24   17.95   17.95   17.95   21.05   26.32   21.05   21.05    0.00    0.00    0.00    8.33   15.62   15.62   15.62   15.62    9.38   12.50   12.50   12.50   12.90   12.90    0.00    9.52    9.52   15.00    6.25    6.25
    31: GATA6         5.26    5.26    0.00    0.00    0.00    0.00    0.00    0.00    0.00    8.77    5.26    5.00    5.00    5.00    5.00    9.52    9.52    4.76    4.76    4.76    4.76    4.76    4.76    4.76    4.76   21.43   14.29   14.29   82.35   91.04  100.00   50.75   51.47   17.50   17.50   17.50   20.51   25.64   20.51   20.51    0.00    8.33    0.00    8.33   18.18   15.15   15.15   18.18    9.09   12.12   12.12   12.12   12.50   12.50    0.00    9.09    9.52   15.00   12.50    6.25
    32: GATA3         5.56    5.56    5.56    5.56    5.56   16.67   22.22   16.67   11.11   14.04   12.28   20.00   20.00   20.00   20.00   14.29   14.29   19.05    9.52    9.52    9.52   14.29   14.29   14.29   14.29   30.77   17.65   17.65   52.24   52.24   50.75  100.00   83.58   17.95   17.95   17.95   21.05   21.05   21.05   21.05   18.18    8.33    8.33   16.67   12.50    9.38    9.38   12.50    9.38   12.50   12.50   15.62   12.90   12.90    0.00    9.52    9.52   15.00    6.25    6.25
    33: GATA5         0.00    0.00    0.00    0.00    0.00    5.26   10.53    5.26    5.26   12.28   10.53   15.00   15.00   15.00   15.00   14.29   14.29   19.05    9.52    9.52    9.52   14.29   14.29   14.29   14.29   21.43   14.29   14.29   52.94   52.24   51.47   83.58  100.00   17.50   17.50   20.00   20.51   23.08   23.08   23.08   18.18    8.33    8.33   16.67   15.15    9.09    9.09    9.09    9.09   12.12   12.12   12.12    9.38    9.38    0.00    9.09    9.52   15.00    6.25    6.25
    34: ELF1         17.39   13.04   13.04    8.70    8.70   17.39   17.39   13.04   17.39   10.34   10.34   10.00   10.00   10.00   10.00   13.04   13.04   21.74   21.74   21.74   21.74   21.74   21.74   17.39   17.39   10.87    8.57   11.43   20.00   17.95   17.50   17.95   17.50  100.00   95.00   53.16   52.56   44.87   47.44   48.72   10.26    5.00   10.26   12.82    9.26   12.73   14.55   14.55   10.91   12.73   10.91   12.73    7.41    7.41    9.09   12.77   10.87   13.04   16.67   16.67
    35: ELF2         17.39   13.04   13.04    8.70    8.70   17.39   17.39   13.04   17.39   10.34   10.34   10.00   10.00   10.00   10.00   13.04   13.04   21.74   21.74   21.74   21.74   21.74   21.74   17.39   17.39   10.87    8.57   11.43   20.00   17.95   17.50   17.95   17.50   95.00  100.00   51.90   51.28   43.59   46.15   46.15   10.26    5.00   12.82   12.82    9.26   12.73   14.55   14.55   10.91   12.73   10.91   12.73    7.41    7.41   11.36   12.77   10.87   10.87   14.29   14.29
    36: ELK1         13.04    8.70    8.70    8.70   13.04    8.70   13.04   17.39   17.39   10.17   10.17   10.00   10.00   10.00   10.00   13.04   13.04   21.74   13.04   13.04   13.04   21.74   21.74   17.39   17.39   10.64    9.86   12.68   20.00   17.95   17.50   17.95   20.00   53.16   51.90  100.00   80.00   56.96   63.29   63.29   12.82   10.00   20.51   17.95    5.66    9.26   11.11   11.11    9.26    9.26   11.11    9.26    7.55    7.55   13.64    8.51    8.70    4.35   11.90   11.90
    37: ELK4         13.04    8.70    8.70    8.70   13.04    8.70   13.04   17.39   17.39    6.90    6.90   21.05   15.79   21.05   21.05   18.18   18.18   22.73   22.73   22.73   22.73   27.27   27.27   22.73   22.73   10.64   12.86   15.71   23.08   21.05   20.51   21.05   20.51   52.56   51.28   80.00  100.00   55.70   60.76   60.76   12.82   10.00   17.95   17.95    5.77    9.43   11.32   11.32    7.55    7.55   11.32   11.32    7.69    7.69    9.30   10.87    8.89    6.67   14.63   14.63
    38: ERF1         13.04   13.04   13.04    8.70    8.70   13.04    8.70   13.04   13.04    5.17    5.17   10.53   10.53   10.53   10.53    9.09    9.09    9.09    9.09    9.09    9.09   13.64   13.64    9.09    9.09   15.22   11.59   14.49   20.51   26.32   25.64   21.05   23.08   44.87   43.59   56.96   55.70  100.00   62.03   62.03   10.26    7.50   17.95   12.82    7.69   16.98   16.98   16.98    9.43    9.43   11.32    9.43   11.54   11.54   11.63   10.87   11.11    8.89   14.63   14.63
    39: ERG          17.39   13.04   13.04   13.04    8.70    8.70    8.70   13.04   13.04    5.17    8.62   15.79   15.79   15.79   15.79   13.64   13.64   18.18   18.18   18.18   18.18   22.73   18.18   13.64   13.64   15.22   10.14   13.04   17.95   21.05   20.51   21.05   23.08   47.44   46.15   63.29   60.76   62.03  100.00   97.47   12.82    7.50   12.82   12.82    7.69   13.21   11.32   11.32   13.21   13.21    7.55    9.43   11.54   11.54   13.95    6.52    6.67    4.44   12.20   12.20
    40: FLI1         17.39   13.04   13.04   13.04    8.70    8.70    8.70   13.04   13.04    5.17    8.62   15.79   15.79   15.79   15.79   13.64   13.64   18.18   18.18   18.18   18.18   22.73   18.18   13.64   13.64   15.22   10.14   13.04   17.95   21.05   20.51   21.05   23.08   48.72   46.15   63.29   60.76   62.03   97.47  100.00   12.82    7.50   12.82   12.82    7.69   13.21   11.32   11.32   13.21   13.21    7.55    9.43   11.54   11.54   13.95    6.52    6.67    4.44   12.20   12.20
    41: MLX           5.56    5.56    5.56    0.00    5.56   11.11   16.67   16.67   16.67   14.29    8.57    -nan    -nan    -nan    -nan    -nan    -nan    -nan    -nan    -nan    -nan    -nan    -nan    -nan    -nan   19.64   17.86   19.64    0.00    0.00    0.00   18.18   18.18   10.26   10.26   12.82   12.82   10.26   12.82   12.82  100.00   51.85   28.00   19.61    6.98    9.30    9.30   11.63    9.30   11.63    9.30    9.30   11.63   11.63   20.83   13.95   13.95   24.00   20.00   22.00
    42: MLXIPL        0.00    0.00    0.00    5.26   10.53    5.26   15.79   10.53   15.79   16.13   12.90    -nan    -nan    -nan    -nan    -nan    -nan    -nan    -nan    -nan    -nan    -nan    -nan    -nan    -nan   22.64   18.87   22.64    0.00    0.00    8.33    8.33    8.33    5.00    5.00   10.00   10.00    7.50    7.50    7.50   51.85  100.00   26.00   21.57    9.30   11.63   11.63   16.28   11.63   11.63   16.28   18.60   13.95   13.95   21.28   13.95   13.95   22.45   22.45   16.33
    43: MNT          10.53    5.26    5.26    0.00   10.53   10.53   10.53    5.26   15.79   13.79    6.90    -nan    -nan    -nan    -nan    -nan    -nan    -nan    -nan    -nan    -nan    -nan    -nan    -nan    -nan    9.80   13.73   11.76    0.00    0.00    0.00    8.33    8.33   10.26   12.82   20.51   17.95   17.95   12.82   12.82   28.00   26.00  100.00   39.22    5.13   10.26   10.26   10.26   15.38   15.38   17.95   15.38   15.38   15.38   16.28   10.26   10.26   17.78   13.33   11.11
    44: MXD4          5.26    5.26    5.26    0.00   10.53    0.00   10.53    5.26   10.53   24.14   20.69    -nan    -nan    -nan    -nan    -nan    -nan    -nan    -nan    -nan    -nan    -nan    -nan    -nan    -nan    9.80    9.80    9.80    8.33    8.33    8.33   16.67   16.67   12.82   12.82   17.95   17.95   12.82   12.82   12.82   19.61   21.57   39.22  100.00   12.50   17.50   15.00   15.00   17.50   20.00   15.00   22.50   12.50   15.00   15.91   15.00   15.00   15.22   13.04   17.39
    45: SOX30         4.76    9.52    9.52    9.52    0.00    4.76    4.76    4.76    4.76   19.23   15.38   14.29   21.43   21.43   21.43   17.65   17.65   17.65   17.65   23.53   23.53   17.65   17.65   17.65   17.65   11.36   14.52   12.90   15.15   15.62   18.18   12.50   15.15    9.26    9.26    5.66    5.77    7.69    7.69    7.69    6.98    9.30    5.13   12.50  100.00   41.18   41.18   42.65   42.65   42.65   42.65   44.12   43.28   47.76   19.23   17.65   20.00   11.11   16.00   16.00
    46: SOX13         0.00    9.09    4.55    4.55    4.55    4.55    0.00    0.00    0.00    9.43    5.66   28.57   35.71   21.43   21.43   17.65   17.65   17.65   17.65   17.65   17.65   17.65   17.65   17.65   17.65    8.89   11.11   11.11   15.15   15.62   15.15    9.38    9.09   12.73   12.73    9.26    9.43   16.98   13.21   13.21    9.30   11.63   10.26   17.50   41.18  100.00   94.20   92.75   60.87   57.97   57.97   52.17   57.35   55.88   19.23   19.61   20.00   14.81   16.00   18.00
    47: SOX5          0.00    9.09    4.55    4.55    4.55    4.55    0.00    0.00    0.00    9.43    5.66   28.57   35.71   21.43   21.43   17.65   17.65   17.65   17.65   17.65   17.65   17.65   17.65   17.65   17.65    8.89   11.11   11.11   15.15   15.62   15.15    9.38    9.09   14.55   14.55   11.11   11.32   16.98   11.32   11.32    9.30   11.63   10.26   15.00   41.18   94.20  100.00   92.75   60.87   57.97   57.97   52.17   58.82   57.35   21.15   19.61   20.00   16.67   16.00   18.00
    48: SOX6          0.00    9.09    4.55    4.55    4.55    4.55    0.00    0.00    0.00    9.43    5.66   28.57   35.71   21.43   21.43   17.65   17.65   17.65   17.65   17.65   17.65   17.65   17.65   17.65   17.65    8.89   11.11   11.11   15.15   15.62   18.18   12.50    9.09   14.55   14.55   11.11   11.32   16.98   11.32   11.32   11.63   16.28   10.26   15.00   42.65   92.75   92.75  100.00   59.42   56.52   56.52   49.28   55.88   54.41   21.15   19.61   20.00   14.81   18.00   16.00
    49: SOX11         0.00    4.55    4.55    9.09    9.09    0.00    4.55    4.55    0.00   11.32    7.55   28.57   35.71   21.43   21.43   17.65   17.65   17.65   17.65   17.65   17.65   17.65   17.65   17.65   17.65   20.00   19.05   20.63    9.09    9.38    9.09    9.38    9.09   10.91   10.91    9.26    7.55    9.43   13.21   13.21    9.30   11.63   15.38   17.50   42.65   60.87   60.87   59.42  100.00   95.65   65.22   63.77   64.71   66.18   21.15   19.61   18.00   18.52   20.00   18.00
    50: SOX4          0.00    4.55    4.55    9.09    9.09    0.00    4.55    4.55    0.00   15.09   11.32   28.57   35.71   21.43   21.43   23.53   23.53   23.53   23.53   23.53   23.53   23.53   23.53   23.53   23.53   20.00   20.63   20.63   12.12   12.50   12.12   12.50   12.12   12.73   12.73    9.26    7.55    9.43   13.21   13.21   11.63   11.63   15.38   20.00   42.65   57.97   57.97   56.52   95.65  100.00   65.22   65.22   61.76   64.71   19.23   21.57   18.00   18.52   20.00   18.00
    51: SOX15         0.00    4.55    4.55    9.09    9.09    4.55    4.55    4.55    0.00   13.21    9.43   21.43   28.57   21.43   21.43   11.76   11.76   11.76   11.76   11.76   11.76   17.65   17.65   17.65   17.65    6.67    9.52    9.52   12.12   12.50   12.12   12.50   12.12   10.91   10.91   11.11   11.32   11.32    7.55    7.55    9.30   16.28   17.95   15.00   42.65   57.97   57.97   56.52   65.22   65.22  100.00   66.67   63.24   58.82   23.08   23.53   22.00   18.52   18.00   16.00
    52: SOX9          0.00    4.55    4.55    9.09    9.09    0.00    4.55    4.55    0.00   13.21   11.32   28.57   35.71   35.71   35.71   23.53   23.53   23.53   23.53   29.41   29.41   23.53   23.53   23.53   23.53   11.11   14.29   14.29   12.12   12.50   12.12   15.62   12.12   12.73   12.73    9.26   11.32    9.43    9.43    9.43    9.30   18.60   15.38   22.50   44.12   52.17   52.17   49.28   63.77   65.22   66.67  100.00   73.53   67.65   21.15   21.57   20.00   18.52   20.00   18.00
    53: SOX17         0.00    4.55    4.55    9.09    9.09    4.55    4.55    4.55    0.00    5.77    3.85   23.08   30.77   30.77   30.77   12.50   12.50   12.50   12.50   18.75   18.75   12.50   12.50   12.50   12.50   15.56   14.52   14.52   12.50   12.90   12.50   12.90    9.38    7.41    7.41    7.55    7.69   11.54   11.54   11.54   11.63   13.95   15.38   12.50   43.28   57.35   58.82   55.88   64.71   61.76   63.24   73.53  100.00   89.71   19.23   19.61   20.00   20.37   16.00   16.00
    54: SOX7          0.00    4.55    4.55    9.09    9.09    4.55    4.55    4.55    0.00    5.77    3.85   23.08   30.77   30.77   30.77   12.50   12.50   12.50   12.50   18.75   18.75   12.50   12.50   12.50   12.50   17.78   16.13   16.13   12.50   12.90   12.50   12.90    9.38    7.41    7.41    7.55    7.69   11.54   11.54   11.54   11.63   13.95   15.38   15.00   47.76   55.88   57.35   54.41   66.18   64.71   58.82   67.65   89.71  100.00   17.31   19.61   20.00   18.52   16.00   16.00
    55: FOS           6.25    6.25    6.25    6.25    0.00    6.25    0.00    6.25    0.00    7.50    7.50   25.00   25.00   25.00   25.00   18.18   18.18    9.09    9.09    9.09    9.09    9.09    9.09    9.09    9.09    4.35    5.17    5.17    0.00    0.00    0.00    0.00    0.00    9.09   11.36   13.64    9.30   11.63   13.95   13.95   20.83   21.28   16.28   15.91   19.23   19.23   21.15   21.15   21.15   19.23   23.08   21.15   19.23   17.31  100.00   30.77   28.30   30.00   32.14   32.14
    56: ATF1          0.00    4.76    0.00    0.00    4.76    4.76    9.52    4.76    0.00   10.00   17.50   14.29   14.29   14.29   14.29   20.00   20.00   20.00   20.00   20.00   20.00   20.00   20.00   20.00   20.00    9.09   10.91   10.91    9.09    9.52    9.09    9.52    9.09   12.77   12.77    8.51   10.87   10.87    6.52    6.52   13.95   13.95   10.26   15.00   17.65   19.61   19.61   19.61   19.61   21.57   23.53   21.57   19.61   19.61   30.77  100.00   90.91   31.48   39.22   39.22
    57: CREB1         0.00    5.26    0.00    0.00    5.26    5.26   10.53    5.26    0.00    7.32   14.63   12.50   12.50   12.50   12.50    9.09    9.09    9.09    9.09    9.09    9.09    9.09    9.09    9.09    9.09    9.52   11.11   11.11    9.52    9.52    9.52    9.52    9.52   10.87   10.87    8.70    8.89   11.11    6.67    6.67   13.95   13.95   10.26   15.00   20.00   20.00   20.00   20.00   18.00   18.00   22.00   20.00   20.00   20.00   28.30   90.91  100.00   30.91   39.22   39.22
    58: ATF4         16.67   11.11   11.11    0.00   11.11   11.11   16.67   11.11   11.11    9.52    9.52    0.00    0.00    0.00    0.00    9.09    9.09    9.09    9.09    9.09    9.09    9.09    9.09    9.09    9.09   12.50   10.00   11.67   15.00   15.00   15.00   15.00   15.00   13.04   10.87    4.35    6.67    8.89    4.44    4.44   24.00   22.45   17.78   15.22   11.11   14.81   16.67   14.81   18.52   18.52   18.52   18.52   20.37   18.52   30.00   31.48   30.91  100.00   31.03   34.48
    59: ATF2          0.00    5.56   11.11    5.56    5.56   11.11   16.67    0.00    5.56   13.16   21.05   50.00   50.00   50.00   50.00   28.57   28.57   28.57   28.57   28.57   28.57   28.57   28.57   28.57   28.57    8.33   10.71   10.71    6.25    6.25   12.50    6.25    6.25   16.67   14.29   11.90   14.63   14.63   12.20   12.20   20.00   22.45   13.33   13.04   16.00   16.00   16.00   18.00   20.00   20.00   18.00   20.00   16.00   16.00   32.14   39.22   39.22   31.03  100.00   81.03
    60: CREB5         5.56   11.11   11.11    5.56   11.11   22.22   22.22    5.56   11.11   13.16   21.05   50.00   50.00   50.00   50.00   28.57   28.57   28.57   28.57   28.57   28.57   28.57   28.57   28.57   28.57    8.33    8.93   10.71    6.25    6.25    6.25    6.25    6.25   16.67   14.29   11.90   14.63   14.63   12.20   12.20   22.00   16.33   11.11   17.39   16.00   18.00   18.00   16.00   18.00   18.00   16.00   18.00   16.00   16.00   32.14   39.22   39.22   34.48   81.03  100.00
