MEME version 4

ALPHABET= ACGT

strands: + -

MOTIF FOXK1.H12CORE.0.PS.A
letter-probability matrix: alength= 4 w= 10 nsites= 1000
0.01	0.003	0.001	0.986
0.1	0.004	0.896	0.0
0.002	0.003	0.0	0.995
0.003	0.001	0.025	0.971
0.001	0.003	0.139	0.857
0.758	0.062	0.026	0.154
0.001	0.6920000000000001	0.018	0.289
0.443	0.195	0.091	0.271
0.16	0.198	0.122	0.52
0.262	0.157	0.127	0.454
URL https://hocomoco12.autosome.org/motif/FOXK1.H12CORE.0.PS.A

MOTIF GABPA.H12CORE.0.PSM.A
letter-probability matrix: alength= 4 w= 12 nsites= 9955
0.3568056253139126	0.2058262179809141	0.2315419387242592	0.2058262179809141
0.7574585635359116	0.0194374686087393	0.1279256654947263	0.0951783023606228
0.0274234053239578	0.9073832245102963	0.0624811652435962	0.0027122049221497
0.0881968859869412	0.9109994977398292	0.0003013561024611	0.0005022601707685
0.0	0.0001004520341537	0.9998995479658463	0.0
0.0	0.0	1.0	0.0
1.0	0.0	0.0	0.0
0.9764942240080362	0.0	0.0	0.0235057759919638
0.1190356604721246	0.0089402310396786	0.8719236564540432	0.0001004520341537
0.0171772978402813	0.1688598694123556	0.0582621798091411	0.755700652938222
0.329984932194877	0.1282772476142642	0.3791059768960321	0.1626318432948267
0.2800602712204922	0.2632847815168257	0.3090909090909091	0.147564038171773
URL https://hocomoco12.autosome.org/motif/GABPA.H12CORE.0.PSM.A

MOTIF SOX10.H12CORE.1.PSM.A
letter-probability matrix: alength= 4 w= 11 nsites= 9713
0.1937609389478019	0.2672706681766704	0.2644908884999485	0.2744775043755791
0.0422629465664573	0.5133841243694018	0.2314938741892309	0.2128590548749099
0.0120457119324617	0.7316997837949141	0.0101925254813137	0.2460619787913106
0.9352414290126635	0.0005147740142078	0.0003088644085247	0.0639349325646041
0.0	0.0	0.0	1.0
0.0	0.0	0.0	1.0
0.0	0.0	1.0	0.0
0.0	0.0	0.0	1.0
0.0767013281169567	0.1283846391434161	0.0599196952537836	0.7349943374858438
0.1773396478945743	0.4670544630907032	0.0833419129002368	0.2722639761144857
0.1998352723154535	0.2167198599814681	0.2494594872850819	0.3339853804179965
URL https://hocomoco12.autosome.org/motif/SOX10.H12CORE.1.PSM.A

MOTIF HXD10.H12CORE.0.SM.B
letter-probability matrix: alength= 4 w= 12 nsites= 8067
0.2291124333705219	0.3017540597495971	0.2843994049832652	0.1847341018966158
0.2368290566505516	0.1336928226106359	0.2194744018842197	0.4100037188545928
0.0399157059625635	0.0101648692202802	0.0404115532416016	0.9095078715755547
0.0023552745754308	0.0006198090987976	0.0004958472790381	0.9965290690467336
0.3221767695549771	0.0003718854592785	0.000247923639519	0.6772034213462254
1.0	0.0	0.0	0.0
0.0001239618197595	0.6504276682781703	0.000247923639519	0.3492004462625511
0.0001239618197595	0.0018594272963927	0.9219040535515062	0.0761125573323416
0.8756662947812074	0.008677327383166	0.1030122722201562	0.0126441056154704
0.0100409074005206	0.5666294781207388	0.1446634436593529	0.2786661708193876
0.1419672740795835	0.4704660964422958	0.2422523862650304	0.1453142432130904
0.2138961199950415	0.2540597495971241	0.2197223255237387	0.3123218048840957
URL https://hocomoco12.autosome.org/motif/HXD10.H12CORE.0.SM.B

MOTIF GATA1.H12CORE.1.PSM.A
letter-probability matrix: alength= 4 w= 10 nsites= 1006
0.3011928429423459	0.1868787276341949	0.3250497017892645	0.1868787276341949
0.1371769383697813	0.441351888667992	0.3031809145129225	0.1182902584493042
0.6252485089463221	0.0377733598409543	0.0089463220675944	0.3280318091451292
0.0	0.0009940357852883	0.9970178926441352	0.0019880715705765
0.9910536779324056	0.0039761431411531	0.0009940357852883	0.0039761431411531
0.0049701789264414	0.0069582504970179	0.0059642147117296	0.9821073558648111
0.9502982107355865	0.0049701789264414	0.0049701789264414	0.0397614314115308
0.885685884691849	0.0079522862823062	0.0884691848906561	0.0178926441351889
0.1262425447316103	0.1570576540755467	0.6669980119284293	0.0497017892644135
0.331013916500994	0.231610337972167	0.3836978131212724	0.0536779324055666
URL https://hocomoco12.autosome.org/motif/GATA1.H12CORE.1.PSM.A

MOTIF BATF3.H12CORE.2.SM.B
letter-probability matrix: alength= 4 w= 14 nsites= 9942
0.3530728223697445	0.1673958961979481	0.2801498692416013	0.1993814121907061
0.1130557231945283	0.2340575336954335	0.1537919935626635	0.4990947495473748
0.1028968014484007	0.0546167773083887	0.7240997787165561	0.1183866425266546
0.780124723395695	0.0872057936028968	0.1307583987125327	0.0019110842888755
0.0002011667672501	0.0	0.0025145845906256	0.9972842486421243
0.0002011667672501	0.0	0.9948702474351238	0.0049285857976262
0.9993964996982498	0.000100583383625	0.0004023335345001	0.000100583383625
0.0	0.8727620197143432	0.0019110842888755	0.1253268959967813
0.0608529470931402	0.0006035003017502	0.9383423858378596	0.0002011667672501
0.0110641721987528	0.0210219271776303	0.0060350030175015	0.9618788976061154
0.1291490645745323	0.8048682357674513	0.0483806075236371	0.0176020921343794
0.9122912894789781	0.0163950915308791	0.0407362703681352	0.0305773486220076
0.0854455843894589	0.3150774492053913	0.1601790384228526	0.4392979279822973
0.2783142224904446	0.3027559847113257	0.2086099376383022	0.2103198551599276
URL https://hocomoco12.autosome.org/motif/BATF3.H12CORE.2.SM.B

MOTIF HEY1.H12CORE.0.S.B
letter-probability matrix: alength= 4 w= 12 nsites= 1826
0.2597207009857612	0.1792168674698795	0.3144852135815991	0.2465772179627601
0.1171960569550931	0.0777656078860898	0.536144578313253	0.268893756845564
0.0355969331872946	0.0481927710843374	0.8817086527929902	0.0345016429353779
0.0005476451259584	0.9994523548740416	0.0	0.0
1.0	0.0	0.0	0.0
0.0	1.0	0.0	0.0
0.0	0.0	1.0	0.0
0.0	0.0071193866374589	0.0	0.9928806133625411
0.0	0.0	0.9989047097480832	0.0010952902519168
0.0969331872946331	0.2376779846659365	0.1610076670317634	0.5043811610076671
0.0891292442497262	0.5015060240963856	0.2024917853231106	0.2068729463307777
0.2869660460021906	0.2458926615553122	0.2617743702081051	0.2053669222343921
URL https://hocomoco12.autosome.org/motif/HEY1.H12CORE.0.S.B

MOTIF NFAC4.H12CORE.1.SM.B
letter-probability matrix: alength= 4 w= 12 nsites= 9555
0.2058346415489272	0.2650706436420722	0.2703035060177917	0.2587912087912088
0.4158817373103088	0.2310570381998953	0.1268184196755625	0.2262428048142334
0.754160125588697	0.0103610675039246	0.2090005232862376	0.0264782836211408
0.0001046572475144	0.6272108843537415	0.0	0.3726844583987441
0.0	0.0	1.0	0.0
0.0	0.0	1.0	0.0
1.0	0.0	0.0	0.0
1.0	0.0	0.0	0.0
0.9683935112506541	0.0228152799581371	0.0002093144950288	0.00858189429618
0.3731030873888017	0.3342752485609629	0.1652537938252224	0.1273678702250131
0.3668498168498168	0.0890894819466248	0.0996598639455782	0.4444008372579801
0.2527995813710099	0.1688644688644689	0.2353218210361067	0.3430141287284145
URL https://hocomoco12.autosome.org/motif/NFAC4.H12CORE.1.SM.B

MOTIF TF2LY.H12CORE.0.SM.B
letter-probability matrix: alength= 4 w= 14 nsites= 9969
0.2968702979235631	0.2077941619018959	0.2485204132811716	0.2468151268933695
0.2552663256093891	0.1745159995987561	0.2200571772494734	0.3501604975423814
0.0065202126592437	0.0046143043434647	0.0009027986758953	0.9879626843213963
0.0	0.0	1.0	0.0
0.9942822750526633	0.0	0.0	0.0057177249473367
0.0	1.0	0.0	0.0
0.9961881833684422	0.0	0.0038118166315578	0.0
0.0095295415788946	0.009930785434848	0.9471361219781322	0.0334035510081252
0.0666064800882736	0.6184170929882636	0.2677299628849433	0.0472464640385194
0.0599859564650416	0.2048349884642391	0.1358210452402448	0.5993580098304745
0.176948540475474	0.1375263316280469	0.4827966696759956	0.2027284582204835
0.2127595546193199	0.1652121576888354	0.2184772795666566	0.4035510081251881
0.1887350787441067	0.4492426522218879	0.1683719530544689	0.1936503159795366
0.3595646504162905	0.20508576587421	0.2293610191593941	0.2059885645501053
URL https://hocomoco12.autosome.org/motif/TF2LY.H12CORE.0.SM.B

MOTIF PO3F2.H12CORE.2.SM.B
letter-probability matrix: alength= 4 w= 16 nsites= 5430
0.3551565377532228	0.2776243093922652	0.1997237569060774	0.1674953959484346
0.1538674033149171	0.5043278084714549	0.213720073664825	0.1280847145488029
0.036279926335175	0.8069981583793738	0.0668508287292818	0.0898710865561694
0.0195211786372007	0.0160220994475138	0.0165745856353591	0.9478821362799263
0.4795580110497237	0.5132596685082873	0.0066298342541436	0.0005524861878453
0.9994475138121547	0.0003683241252302	0.0001841620626151	0.0
0.0	0.0001841620626151	0.0	0.9998158379373849
0.0009208103130755	0.0007366482504604	0.0014732965009208	0.9968692449355433
0.7832412523020258	0.0014732965009208	0.0	0.2152854511970534
0.0948434622467772	0.0554327808471455	0.8209944751381215	0.0287292817679558
0.0016574585635359	0.9430939226519337	0.0324125230202578	0.0228360957642726
0.9057090239410681	0.0397790055248619	0.0364640883977901	0.0180478821362799
0.0186003683241252	0.0504604051565378	0.0139963167587477	0.9169429097605893
0.8160220994475138	0.0392265193370166	0.0825046040515654	0.0622467771639042
0.5915285451197053	0.1922651933701657	0.0497237569060773	0.1664825046040516
0.1872467771639042	0.2264732965009208	0.1800644567219153	0.4062154696132597
URL https://hocomoco12.autosome.org/motif/PO3F2.H12CORE.2.SM.B