MEME version 4

MOTIF ATF1_top10_7mers
letter-probability matrix: alength= 4 w= 7 nsites= 10
0.0000000000000000	0.5963016738316926	0.0000000000000000	0.4036983261683074
0.4159242361255758	0.0000000000000000	0.5840757638744242	0.0000000000000000
0.0000000000000000	1.0000000000000000	0.0000000000000000	0.0000000000000000
0.0000000000000000	0.0000000000000000	1.0000000000000000	0.0000000000000000
0.0000000000000000	0.0000000000000000	0.0000000000000000	1.0000000000000000
0.0000000000000000	1.0000000000000000	0.0000000000000000	0.0000000000000000
1.0000000000000000	0.0000000000000000	0.0000000000000000	0.0000000000000000

MOTIF ATF2_top10_7mers
letter-probability matrix: alength= 4 w= 7 nsites= 10
0.0000000000000000	0.0000000000000000	0.4146054183506022	0.5853945816493977
1.0000000000000000	0.0000000000000000	0.0000000000000000	0.0000000000000000
0.0000000000000000	1.0000000000000000	0.0000000000000000	0.0000000000000000
0.0000000000000000	0.0000000000000000	1.0000000000000000	0.0000000000000000
0.0000000000000000	0.0000000000000000	0.0000000000000000	1.0000000000000000
0.4865040670399736	0.5134959329600264	0.0000000000000000	0.0000000000000000
1.0000000000000000	0.0000000000000000	0.0000000000000000	0.0000000000000000

MOTIF CDX2_top10_7mers
letter-probability matrix: alength= 4 w= 7 nsites= 10
0.1272420082822287	0.0000000000000000	0.8727579917177714	0.0000000000000000
0.0000000000000000	0.5992481323487923	0.0000000000000000	0.4007518676512076
0.6415494313448165	0.3584505686551835	0.0000000000000000	0.0000000000000000
1.0000000000000000	0.0000000000000000	0.0000000000000000	0.0000000000000000
0.0000000000000000	0.0000000000000000	0.0000000000000000	1.0000000000000000
1.0000000000000000	0.0000000000000000	0.0000000000000000	0.0000000000000000
1.0000000000000000	0.0000000000000000	0.0000000000000000	0.0000000000000000

MOTIF CDX4_top10_7mers
letter-probability matrix: alength= 4 w= 7 nsites= 10
0.0000000000000000	0.2739914971184001	0.7260085028815999	0.0000000000000000
0.0000000000000000	0.5501448657546950	0.0000000000000000	0.4498551342453049
0.5218490056692396	0.4781509943307604	0.0000000000000000	0.0000000000000000
0.8014758247575429	0.1985241752424572	0.0000000000000000	0.0000000000000000
0.0000000000000000	0.0000000000000000	0.0000000000000000	1.0000000000000000
0.8837933430651721	0.0000000000000000	0.0000000000000000	0.1162066569348278
0.8968143539747050	0.0000000000000000	0.1031856460252950	0.0000000000000000

MOTIF CREB1_top10_7mers
letter-probability matrix: alength= 4 w= 7 nsites= 10
0.0000000000000000	0.6606567273656369	0.0000000000000000	0.3393432726343631
0.3864530137375732	0.0000000000000000	0.6135469862624267	0.0000000000000000
0.0000000000000000	1.0000000000000000	0.0000000000000000	0.0000000000000000
0.0000000000000000	0.0000000000000000	1.0000000000000000	0.0000000000000000
0.0000000000000000	0.0000000000000000	0.0000000000000000	1.0000000000000000
0.0000000000000000	1.0000000000000000	0.0000000000000000	0.0000000000000000
1.0000000000000000	0.0000000000000000	0.0000000000000000	0.0000000000000000

MOTIF ELF1_top10_7mers
letter-probability matrix: alength= 4 w= 7 nsites= 10
0.0000000000000000	0.7244930855428918	0.2755069144571082	0.0000000000000000
0.0680557881293503	0.9319442118706498	0.0000000000000000	0.0000000000000000
0.0000000000000000	0.0000000000000000	1.0000000000000000	0.0000000000000000
0.0000000000000000	0.0000000000000000	1.0000000000000000	0.0000000000000000
1.0000000000000000	0.0000000000000000	0.0000000000000000	0.0000000000000000
1.0000000000000000	0.0000000000000000	0.0000000000000000	0.0000000000000000
0.0860541316053356	0.0000000000000000	0.9139458683946644	0.0000000000000000

MOTIF ELF1_DBD_ERF_top10_7mers
letter-probability matrix: alength= 4 w= 7 nsites= 10
0.1288770719916407	0.3073189346172996	0.5638039933910597	0.0000000000000000
0.0000000000000000	1.0000000000000000	0.0000000000000000	0.0000000000000000
0.0000000000000000	0.0000000000000000	1.0000000000000000	0.0000000000000000
0.0000000000000000	0.0000000000000000	1.0000000000000000	0.0000000000000000
0.7288806671575756	0.0000000000000000	0.2711193328424243	0.0000000000000000
0.2219309959064600	0.6915428921965060	0.0865261118970339	0.0000000000000000
0.2300673652352347	0.5302433759656109	0.2396892587991543	0.0000000000000000

MOTIF ELF2_top10_7mers
letter-probability matrix: alength= 4 w= 7 nsites= 10
0.0000000000000000	0.8343300070158988	0.1656699929841012	0.0000000000000000
0.0000000000000000	0.9407389833910067	0.0592610166089932	0.0000000000000000
0.0000000000000000	0.0000000000000000	1.0000000000000000	0.0000000000000000
0.0000000000000000	0.0000000000000000	1.0000000000000000	0.0000000000000000
0.9442436600441854	0.0557563399558146	0.0000000000000000	0.0000000000000000
1.0000000000000000	0.0000000000000000	0.0000000000000000	0.0000000000000000
0.0000000000000000	0.0000000000000000	1.0000000000000000	0.0000000000000000

MOTIF ELK1_top10_7mers
letter-probability matrix: alength= 4 w= 7 nsites= 10
0.0000000000000000	0.9184590312047642	0.0815409687952358	0.0000000000000000
0.0000000000000000	1.0000000000000000	0.0000000000000000	0.0000000000000000
0.0000000000000000	0.0000000000000000	1.0000000000000000	0.0000000000000000
0.0000000000000000	0.0000000000000000	1.0000000000000000	0.0000000000000000
0.9346587579856226	0.0653412420143775	0.0000000000000000	0.0000000000000000
1.0000000000000000	0.0000000000000000	0.0000000000000000	0.0000000000000000
0.1118937125933721	0.0984128464130447	0.7896934409935832	0.0000000000000000

MOTIF ELK4_top10_7mers
letter-probability matrix: alength= 4 w= 7 nsites= 10
0.0000000000000000	0.9221123423182570	0.0778876576817430	0.0000000000000000
0.0000000000000000	1.0000000000000000	0.0000000000000000	0.0000000000000000
0.0000000000000000	0.0000000000000000	1.0000000000000000	0.0000000000000000
0.0000000000000000	0.0000000000000000	1.0000000000000000	0.0000000000000000
0.5806377826467607	0.2113350611140468	0.2080271562391925	0.0000000000000000
1.0000000000000000	0.0000000000000000	0.0000000000000000	0.0000000000000000
0.1409500818434710	0.1830197662073754	0.5417431552279618	0.1342869967211918

MOTIF ERF1_top10_7mers
letter-probability matrix: alength= 4 w= 7 nsites= 10
0.0000000000000000	0.7352769125972822	0.2647230874027178	0.0000000000000000
0.0000000000000000	1.0000000000000000	0.0000000000000000	0.0000000000000000
0.0000000000000000	0.0000000000000000	1.0000000000000000	0.0000000000000000
0.0000000000000000	0.0000000000000000	1.0000000000000000	0.0000000000000000
1.0000000000000000	0.0000000000000000	0.0000000000000000	0.0000000000000000
1.0000000000000000	0.0000000000000000	0.0000000000000000	0.0000000000000000
0.3640019958476911	0.0000000000000000	0.6359980041523089	0.0000000000000000

MOTIF ERG_top10_7mers
letter-probability matrix: alength= 4 w= 7 nsites= 10
0.0000000000000000	1.0000000000000000	0.0000000000000000	0.0000000000000000
0.0000000000000000	1.0000000000000000	0.0000000000000000	0.0000000000000000
0.0000000000000000	0.0000000000000000	1.0000000000000000	0.0000000000000000
0.0000000000000000	0.0000000000000000	1.0000000000000000	0.0000000000000000
0.8560492811253483	0.0765874019237099	0.0673633169509419	0.0000000000000000
0.9070229593066377	0.0929770406933624	0.0000000000000000	0.0000000000000000
0.3001361632901504	0.1337957919939498	0.5660680447158998	0.0000000000000000

MOTIF ERG_DBD_ELF1_top10_7mers
letter-probability matrix: alength= 4 w= 7 nsites= 10
0.0000000000000000	1.0000000000000000	0.0000000000000000	0.0000000000000000
0.0000000000000000	1.0000000000000000	0.0000000000000000	0.0000000000000000
0.0000000000000000	0.0000000000000000	1.0000000000000000	0.0000000000000000
0.0000000000000000	0.0000000000000000	1.0000000000000000	0.0000000000000000
0.9282721114909426	0.0717278885090575	0.0000000000000000	0.0000000000000000
0.9063657949764482	0.0936342050235519	0.0000000000000000	0.0000000000000000
0.1955860286565035	0.1357704567314046	0.6686435146120919	0.0000000000000000

MOTIF ERG_DBD_ELF2_top10_7mers
letter-probability matrix: alength= 4 w= 7 nsites= 10
0.0000000000000000	1.0000000000000000	0.0000000000000000	0.0000000000000000
0.0000000000000000	1.0000000000000000	0.0000000000000000	0.0000000000000000
0.0000000000000000	0.0000000000000000	1.0000000000000000	0.0000000000000000
0.0000000000000000	0.0000000000000000	1.0000000000000000	0.0000000000000000
0.9333143229264358	0.0666856770735643	0.0000000000000000	0.0000000000000000
0.9202445476038498	0.0797554523961502	0.0000000000000000	0.0000000000000000
0.2512346143082194	0.1091919306258335	0.6395734550659471	0.0000000000000000

MOTIF ERG_DBD_ELK1_top10_7mers
letter-probability matrix: alength= 4 w= 7 nsites= 10
0.0000000000000000	1.0000000000000000	0.0000000000000000	0.0000000000000000
0.0000000000000000	1.0000000000000000	0.0000000000000000	0.0000000000000000
0.0000000000000000	0.0000000000000000	1.0000000000000000	0.0000000000000000
0.0000000000000000	0.0000000000000000	1.0000000000000000	0.0000000000000000
1.0000000000000000	0.0000000000000000	0.0000000000000000	0.0000000000000000
0.9048809256982103	0.0000000000000000	0.0000000000000000	0.0951190743017897
0.3036819905918416	0.0000000000000000	0.6963180094081585	0.0000000000000000

MOTIF ERG_DBD_ERF_top10_7mers
letter-probability matrix: alength= 4 w= 7 nsites= 10
0.0000000000000000	1.0000000000000000	0.0000000000000000	0.0000000000000000
0.0000000000000000	1.0000000000000000	0.0000000000000000	0.0000000000000000
0.0000000000000000	0.0000000000000000	1.0000000000000000	0.0000000000000000
0.0000000000000000	0.0000000000000000	1.0000000000000000	0.0000000000000000
1.0000000000000000	0.0000000000000000	0.0000000000000000	0.0000000000000000
1.0000000000000000	0.0000000000000000	0.0000000000000000	0.0000000000000000
0.3517887208332916	0.0000000000000000	0.6482112791667083	0.0000000000000000

MOTIF ERG_DBD_FLI1_top10_7mers
letter-probability matrix: alength= 4 w= 7 nsites= 10
0.0000000000000000	1.0000000000000000	0.0000000000000000	0.0000000000000000
0.0000000000000000	1.0000000000000000	0.0000000000000000	0.0000000000000000
0.0000000000000000	0.0000000000000000	1.0000000000000000	0.0000000000000000
0.0000000000000000	0.0000000000000000	1.0000000000000000	0.0000000000000000
0.9016194090279390	0.0983805909720610	0.0000000000000000	0.0000000000000000
0.7998181851744711	0.1087409763665994	0.0000000000000000	0.0914408384589296
0.2942068589465363	0.1532175689097450	0.5525755721437187	0.0000000000000000

MOTIF ERG_SAM_DBD_top10_7mers
letter-probability matrix: alength= 4 w= 7 nsites= 10
0.0000000000000000	1.0000000000000000	0.0000000000000000	0.0000000000000000
0.0000000000000000	1.0000000000000000	0.0000000000000000	0.0000000000000000
0.0000000000000000	0.0000000000000000	1.0000000000000000	0.0000000000000000
0.0000000000000000	0.0000000000000000	1.0000000000000000	0.0000000000000000
1.0000000000000000	0.0000000000000000	0.0000000000000000	0.0000000000000000
1.0000000000000000	0.0000000000000000	0.0000000000000000	0.0000000000000000
0.3179426865388135	0.0000000000000000	0.6820573134611865	0.0000000000000000

MOTIF FLI1_top10_7mers
letter-probability matrix: alength= 4 w= 7 nsites= 10
0.0000000000000000	1.0000000000000000	0.0000000000000000	0.0000000000000000
0.0000000000000000	1.0000000000000000	0.0000000000000000	0.0000000000000000
0.0000000000000000	0.0000000000000000	1.0000000000000000	0.0000000000000000
0.0000000000000000	0.0000000000000000	1.0000000000000000	0.0000000000000000
0.9269330657053090	0.0730669342946910	0.0000000000000000	0.0000000000000000
0.9046916760095656	0.0953083239904344	0.0000000000000000	0.0000000000000000
0.3481199726172593	0.1412331533685443	0.5106468740141965	0.0000000000000000

MOTIF FOXA2_top10_7mers
letter-probability matrix: alength= 4 w= 7 nsites= 10
0.1861064874693886	0.0000000000000000	0.8138935125306114	0.0000000000000000
0.0000000000000000	0.0000000000000000	0.0000000000000000	1.0000000000000000
1.0000000000000000	0.0000000000000000	0.0000000000000000	0.0000000000000000
1.0000000000000000	0.0000000000000000	0.0000000000000000	0.0000000000000000
1.0000000000000000	0.0000000000000000	0.0000000000000000	0.0000000000000000
0.0000000000000000	0.8865873863974044	0.0000000000000000	0.1134126136025956
1.0000000000000000	0.0000000000000000	0.0000000000000000	0.0000000000000000

MOTIF FOXF1_top10_7mers
letter-probability matrix: alength= 4 w= 7 nsites= 10
0.0000000000000000	0.0000000000000000	0.0000000000000000	1.0000000000000000
0.8471276884553848	0.0000000000000000	0.1528723115446153	0.0000000000000000
1.0000000000000000	0.0000000000000000	0.0000000000000000	0.0000000000000000
1.0000000000000000	0.0000000000000000	0.0000000000000000	0.0000000000000000
0.0000000000000000	1.0000000000000000	0.0000000000000000	0.0000000000000000
0.7918837400368088	0.2081162599631912	0.0000000000000000	0.0000000000000000
0.8247207921961831	0.1752792078038168	0.0000000000000000	0.0000000000000000

MOTIF FOXJ2_top10_7mers
letter-probability matrix: alength= 4 w= 7 nsites= 10
0.5195438390900596	0.0000000000000000	0.4804561609099403	0.0000000000000000
0.0000000000000000	0.0741974895773311	0.0000000000000000	0.9258025104226689
1.0000000000000000	0.0000000000000000	0.0000000000000000	0.0000000000000000
1.0000000000000000	0.0000000000000000	0.0000000000000000	0.0000000000000000
1.0000000000000000	0.0000000000000000	0.0000000000000000	0.0000000000000000
0.0000000000000000	1.0000000000000000	0.0000000000000000	0.0000000000000000
1.0000000000000000	0.0000000000000000	0.0000000000000000	0.0000000000000000

MOTIF FOXL2_DBD_top10_7mers
letter-probability matrix: alength= 4 w= 7 nsites= 10
0.0809961706087054	0.0871119670253253	0.0000000000000000	0.8318918623659693
1.0000000000000000	0.0000000000000000	0.0000000000000000	0.0000000000000000
1.0000000000000000	0.0000000000000000	0.0000000000000000	0.0000000000000000
1.0000000000000000	0.0000000000000000	0.0000000000000000	0.0000000000000000
0.0000000000000000	0.8548096267711562	0.0000000000000000	0.1451903732288438
1.0000000000000000	0.0000000000000000	0.0000000000000000	0.0000000000000000
0.8743481615997659	0.0000000000000000	0.0000000000000000	0.1256518384002341

MOTIF FOXL2_DBD_FOXP1_IDR_top10_7mers
letter-probability matrix: alength= 4 w= 7 nsites= 10
0.0000000000000000	0.2102326645052258	0.0000000000000000	0.7897673354947743
0.9244679420098895	0.0755320579901106	0.0000000000000000	0.0000000000000000
1.0000000000000000	0.0000000000000000	0.0000000000000000	0.0000000000000000
1.0000000000000000	0.0000000000000000	0.0000000000000000	0.0000000000000000
0.0755320579901106	0.8490283929671998	0.0000000000000000	0.0754395490426897
0.9282185854906032	0.0000000000000000	0.0717814145093969	0.0000000000000000
0.7326329985977640	0.0000000000000000	0.1242700659211876	0.1430969354810484

MOTIF FOXL2_DBD_FOXP2_IDR_top10_7mers
letter-probability matrix: alength= 4 w= 7 nsites= 10
0.0000000000000000	0.2257882020265758	0.0000000000000000	0.7742117979734243
0.9135905901651051	0.0000000000000000	0.0864094098348950	0.0000000000000000
1.0000000000000000	0.0000000000000000	0.0000000000000000	0.0000000000000000
1.0000000000000000	0.0000000000000000	0.0000000000000000	0.0000000000000000
0.0000000000000000	0.9277749404413521	0.0000000000000000	0.0722250595586479
0.7685096118601853	0.0000000000000000	0.2314903881398146	0.0000000000000000
0.5973768270934032	0.0000000000000000	0.4026231729065968	0.0000000000000000

MOTIF FOXO3_top10_7mers
letter-probability matrix: alength= 4 w= 7 nsites= 10
0.2115983536201196	0.0000000000000000	0.7884016463798804	0.0000000000000000
0.0000000000000000	0.0000000000000000	0.0000000000000000	1.0000000000000000
1.0000000000000000	0.0000000000000000	0.0000000000000000	0.0000000000000000
1.0000000000000000	0.0000000000000000	0.0000000000000000	0.0000000000000000
1.0000000000000000	0.0000000000000000	0.0000000000000000	0.0000000000000000
0.0000000000000000	1.0000000000000000	0.0000000000000000	0.0000000000000000
1.0000000000000000	0.0000000000000000	0.0000000000000000	0.0000000000000000

MOTIF FOXP1_top10_7mers
letter-probability matrix: alength= 4 w= 7 nsites= 10
0.2362203698143218	0.0000000000000000	0.7637796301856782	0.0000000000000000
0.0000000000000000	0.0000000000000000	0.1516178506899133	0.8483821493100866
0.8822807935552305	0.1177192064447695	0.0000000000000000	0.0000000000000000
0.9180847390686236	0.0819152609313763	0.0000000000000000	0.0000000000000000
1.0000000000000000	0.0000000000000000	0.0000000000000000	0.0000000000000000
0.0000000000000000	1.0000000000000000	0.0000000000000000	0.0000000000000000
1.0000000000000000	0.0000000000000000	0.0000000000000000	0.0000000000000000

MOTIF FOXP1_DBD_FOXP2_IDR_top10_7mers
letter-probability matrix: alength= 4 w= 7 nsites= 10
0.0000000000000000	0.6189108883688683	0.1223008390857170	0.2587882725454147
0.0000000000000000	0.0912573573901303	0.9087426426098697	0.0000000000000000
0.0000000000000000	0.1790506027400943	0.1736448877277748	0.6473045095321308
0.0000000000000000	0.0841345939731163	0.0000000000000000	0.9158654060268837
0.0000000000000000	0.0000000000000000	0.0000000000000000	1.0000000000000000
0.8846196207383131	0.0000000000000000	0.0000000000000000	0.1153803792616870
0.0000000000000000	0.8302275172681292	0.1697724827318708	0.0000000000000000

MOTIF FOXP1_DBD_FOXP3_IDR_top10_7mers
letter-probability matrix: alength= 4 w= 7 nsites= 10
0.5631612201747156	0.0000000000000000	0.4368387798252844	0.0000000000000000
0.0000000000000000	0.1507215945660299	0.1670439173905968	0.6822344880433734
0.8825408937758840	0.1174591062241160	0.0000000000000000	0.0000000000000000
0.9081049388019272	0.0918950611980728	0.0000000000000000	0.0000000000000000
1.0000000000000000	0.0000000000000000	0.0000000000000000	0.0000000000000000
0.0000000000000000	1.0000000000000000	0.0000000000000000	0.0000000000000000
1.0000000000000000	0.0000000000000000	0.0000000000000000	0.0000000000000000

MOTIF FOXP2_top10_7mers
letter-probability matrix: alength= 4 w= 7 nsites= 10
0.1962446195754804	0.0000000000000000	0.8037553804245197	0.0000000000000000
0.0000000000000000	0.0000000000000000	0.1420958410839830	0.8579041589160170
0.9006476701308095	0.0993523298691905	0.0000000000000000	0.0000000000000000
0.8938450554980292	0.1061549445019709	0.0000000000000000	0.0000000000000000
0.9156255824698940	0.0000000000000000	0.0000000000000000	0.0843744175301059
0.0000000000000000	1.0000000000000000	0.0000000000000000	0.0000000000000000
0.8202384997963373	0.0947334797198403	0.0850280204838224	0.0000000000000000

MOTIF FOXP3_top10_7mers
letter-probability matrix: alength= 4 w= 7 nsites= 10
0.5628364261727995	0.0000000000000000	0.4371635738272005	0.0000000000000000
0.0000000000000000	0.2473066214729488	0.1509627690231663	0.6017306095038850
0.8630705399348992	0.1369294600651008	0.0000000000000000	0.0000000000000000
0.9106729058545628	0.0893270941454370	0.0000000000000000	0.0000000000000000
1.0000000000000000	0.0000000000000000	0.0000000000000000	0.0000000000000000
0.0000000000000000	1.0000000000000000	0.0000000000000000	0.0000000000000000
1.0000000000000000	0.0000000000000000	0.0000000000000000	0.0000000000000000

MOTIF GATA2_top10_7mers
letter-probability matrix: alength= 4 w= 7 nsites= 10
0.6244074272821266	0.2489532437725276	0.1266393289453458	0.0000000000000000
0.0000000000000000	0.0000000000000000	1.0000000000000000	0.0000000000000000
1.0000000000000000	0.0000000000000000	0.0000000000000000	0.0000000000000000
0.0000000000000000	0.0000000000000000	0.0000000000000000	1.0000000000000000
0.9152089961632354	0.0000000000000000	0.0847910038367646	0.0000000000000000
1.0000000000000000	0.0000000000000000	0.0000000000000000	0.0000000000000000
0.0000000000000000	0.1092836236706658	0.8907163763293342	0.0000000000000000

MOTIF GATA3_top10_7mers
letter-probability matrix: alength= 4 w= 7 nsites= 10
0.6654031373940975	0.2267049606498940	0.0000000000000000	0.1078919019560085
0.0000000000000000	0.0000000000000000	1.0000000000000000	0.0000000000000000
1.0000000000000000	0.0000000000000000	0.0000000000000000	0.0000000000000000
0.0000000000000000	0.0000000000000000	0.0000000000000000	1.0000000000000000
1.0000000000000000	0.0000000000000000	0.0000000000000000	0.0000000000000000
1.0000000000000000	0.0000000000000000	0.0000000000000000	0.0000000000000000
0.0000000000000000	0.1035992270750592	0.8964007729249409	0.0000000000000000

MOTIF GATA4_top10_7mers
letter-probability matrix: alength= 4 w= 7 nsites= 10
0.6583546351777828	0.2319169014036923	0.0000000000000000	0.1097284634185248
0.0000000000000000	0.0000000000000000	1.0000000000000000	0.0000000000000000
1.0000000000000000	0.0000000000000000	0.0000000000000000	0.0000000000000000
0.0000000000000000	0.0000000000000000	0.0000000000000000	1.0000000000000000
1.0000000000000000	0.0000000000000000	0.0000000000000000	0.0000000000000000
1.0000000000000000	0.0000000000000000	0.0000000000000000	0.0000000000000000
0.0000000000000000	0.0982169837984831	0.9017830162015170	0.0000000000000000

MOTIF GATA6_top10_7mers
letter-probability matrix: alength= 4 w= 7 nsites= 10
0.7655131313068481	0.0999728714816826	0.0000000000000000	0.1345139972114693
0.0000000000000000	0.0000000000000000	1.0000000000000000	0.0000000000000000
1.0000000000000000	0.0000000000000000	0.0000000000000000	0.0000000000000000
0.0000000000000000	0.0000000000000000	0.0000000000000000	1.0000000000000000
1.0000000000000000	0.0000000000000000	0.0000000000000000	0.0000000000000000
1.0000000000000000	0.0000000000000000	0.0000000000000000	0.0000000000000000
0.0000000000000000	0.1002757329793311	0.8997242670206690	0.0000000000000000

MOTIF HOXA11_top10_7mers
letter-probability matrix: alength= 4 w= 7 nsites= 10
0.0000000000000000	0.0000000000000000	0.0000000000000000	1.0000000000000000
0.2744391789086041	0.7255608210913957	0.0000000000000000	0.0000000000000000
0.6239209576072275	0.0000000000000000	0.3760790423927725	0.0000000000000000
0.0000000000000000	0.0000000000000000	0.0000000000000000	1.0000000000000000
0.9172243751191812	0.0000000000000000	0.0000000000000000	0.0827756248808188
1.0000000000000000	0.0000000000000000	0.0000000000000000	0.0000000000000000
1.0000000000000000	0.0000000000000000	0.0000000000000000	0.0000000000000000

MOTIF HOXB9_top10_7mers
letter-probability matrix: alength= 4 w= 7 nsites= 10
0.0000000000000000	0.3609492311916519	0.6390507688083481	0.0000000000000000
0.0000000000000000	0.3509345119811059	0.3528783282258642	0.2961871597930299
0.2566496453972110	0.6039077735656165	0.1394425810371726	0.0000000000000000
0.5563417204312696	0.3373291134538758	0.0000000000000000	0.1063291661148544
0.4012278249788450	0.0000000000000000	0.1004226984685499	0.4983494765526051
0.0000000000000000	0.0000000000000000	0.0000000000000000	1.0000000000000000
1.0000000000000000	0.0000000000000000	0.0000000000000000	0.0000000000000000

MOTIF HOXC10_top10_7mers
letter-probability matrix: alength= 4 w= 7 nsites= 10
0.4379587465239466	0.4350969579399963	0.0000000000000000	0.1269442955360571
0.7983298024886433	0.0000000000000000	0.2016701975113568	0.0000000000000000
0.0000000000000000	0.0000000000000000	0.0000000000000000	1.0000000000000000
0.8055910286359894	0.0000000000000000	0.0000000000000000	0.1944089713640105
0.7321588262649096	0.0000000000000000	0.0000000000000000	0.2678411737350905
0.8850301193944388	0.0000000000000000	0.0000000000000000	0.1149698806055613
0.7464384580833537	0.0000000000000000	0.0000000000000000	0.2535615419166463

MOTIF HOXC13_top10_7mers
letter-probability matrix: alength= 4 w= 7 nsites= 10
0.0000000000000000	1.0000000000000000	0.0000000000000000	0.0000000000000000
0.0000000000000000	0.0000000000000000	0.2712458588109871	0.7287541411890129
0.0907962481293846	0.9092037518706154	0.0000000000000000	0.0000000000000000
0.2789766014244243	0.0000000000000000	0.7210233985755756	0.0000000000000000
0.0000000000000000	0.0821850740840199	0.0000000000000000	0.9178149259159801
0.9044164831714011	0.0955835168285988	0.0000000000000000	0.0000000000000000
1.0000000000000000	0.0000000000000000	0.0000000000000000	0.0000000000000000

MOTIF HOXC9_top10_7mers
letter-probability matrix: alength= 4 w= 7 nsites= 10
0.2301224963295542	0.2328733361786114	0.5370041674918343	0.0000000000000000
0.0000000000000000	0.1326835403633856	0.0000000000000000	0.8673164596366144
0.7682494139881735	0.1316903755253351	0.1000602104864914	0.0000000000000000
0.8213517747382211	0.0000000000000000	0.0000000000000000	0.1786482252617790
0.3654885645782796	0.0000000000000000	0.0000000000000000	0.6345114354217204
0.3210053570487871	0.0000000000000000	0.0910012410245289	0.5879934019266839
1.0000000000000000	0.0000000000000000	0.0000000000000000	0.0000000000000000

MOTIF HOXD9_top10_7mers
letter-probability matrix: alength= 4 w= 7 nsites= 10
0.0000000000000000	1.0000000000000000	0.0000000000000000	0.0000000000000000
0.0000000000000000	0.1223551401944542	0.8776448598055457	0.0000000000000000
0.1094059905139641	0.2322949468605620	0.6582990626254738	0.0000000000000000
0.0886822901864807	0.0000000000000000	0.9113177098135193	0.0000000000000000
0.0000000000000000	0.0000000000000000	0.0000000000000000	1.0000000000000000
1.0000000000000000	0.0000000000000000	0.0000000000000000	0.0000000000000000
1.0000000000000000	0.0000000000000000	0.0000000000000000	0.0000000000000000

MOTIF MLX_top10_7mers
letter-probability matrix: alength= 4 w= 7 nsites= 10
0.0000000000000000	1.0000000000000000	0.0000000000000000	0.0000000000000000
1.0000000000000000	0.0000000000000000	0.0000000000000000	0.0000000000000000
0.0000000000000000	1.0000000000000000	0.0000000000000000	0.0000000000000000
0.0000000000000000	0.0000000000000000	1.0000000000000000	0.0000000000000000
0.0000000000000000	0.0000000000000000	0.0000000000000000	1.0000000000000000
0.0000000000000000	0.0000000000000000	1.0000000000000000	0.0000000000000000
0.2989230173510621	0.3348216131589891	0.3662553694899488	0.0000000000000000

MOTIF MNT_top10_7mers
letter-probability matrix: alength= 4 w= 7 nsites= 10
0.7941161087178863	0.2058838912821138	0.0000000000000000	0.0000000000000000
0.0000000000000000	1.0000000000000000	0.0000000000000000	0.0000000000000000
0.0000000000000000	0.0000000000000000	1.0000000000000000	0.0000000000000000
0.0000000000000000	0.7635738469954438	0.0000000000000000	0.2364261530045561
0.0000000000000000	0.0000000000000000	1.0000000000000000	0.0000000000000000
0.0000000000000000	0.8168037172757927	0.0914842651787759	0.0917120175454313
0.6217216148169111	0.0000000000000000	0.3782783851830889	0.0000000000000000

MOTIF NFATC3_top10_7mers
letter-probability matrix: alength= 4 w= 7 nsites= 10
0.0000000000000000	0.5050452095684028	0.0953249028623975	0.3996298875691996
0.0000000000000000	0.0000000000000000	1.0000000000000000	0.0000000000000000
0.0000000000000000	0.0000000000000000	1.0000000000000000	0.0000000000000000
0.9229038319370998	0.0000000000000000	0.0770961680629002	0.0000000000000000
0.9229038319370998	0.0000000000000000	0.0000000000000000	0.0770961680629002
1.0000000000000000	0.0000000000000000	0.0000000000000000	0.0000000000000000
1.0000000000000000	0.0000000000000000	0.0000000000000000	0.0000000000000000

MOTIF NFATC4_top10_7mers
letter-probability matrix: alength= 4 w= 7 nsites= 10
0.0000000000000000	0.4885315089171279	0.0954637101296352	0.4160047809532368
0.0000000000000000	0.0000000000000000	1.0000000000000000	0.0000000000000000
0.0000000000000000	0.0000000000000000	1.0000000000000000	0.0000000000000000
0.8566254741170544	0.0000000000000000	0.1433745258829457	0.0000000000000000
0.8566254741170544	0.0000000000000000	0.0000000000000000	0.1433745258829457
1.0000000000000000	0.0000000000000000	0.0000000000000000	0.0000000000000000
1.0000000000000000	0.0000000000000000	0.0000000000000000	0.0000000000000000

MOTIF POU3F1_top10_7mers
letter-probability matrix: alength= 4 w= 7 nsites= 10
0.0000000000000000	0.0000000000000000	0.0000000000000000	1.0000000000000000
0.0000000000000000	0.0839000369804036	0.9160999630195964	0.0000000000000000
0.1788843269990905	0.8211156730009095	0.0000000000000000	0.0000000000000000
1.0000000000000000	0.0000000000000000	0.0000000000000000	0.0000000000000000
0.0000000000000000	0.0000000000000000	0.0000000000000000	1.0000000000000000
1.0000000000000000	0.0000000000000000	0.0000000000000000	0.0000000000000000
0.7750857701817657	0.0000000000000000	0.1091319364282345	0.1157822933899998

MOTIF POU3F4_top10_7mers
letter-probability matrix: alength= 4 w= 7 nsites= 10
0.0000000000000000	0.0000000000000000	0.0000000000000000	1.0000000000000000
0.0000000000000000	0.0000000000000000	1.0000000000000000	0.0000000000000000
0.1763386291408843	0.8236613708591157	0.0000000000000000	0.0000000000000000
1.0000000000000000	0.0000000000000000	0.0000000000000000	0.0000000000000000
0.0000000000000000	0.0000000000000000	0.0000000000000000	1.0000000000000000
1.0000000000000000	0.0000000000000000	0.0000000000000000	0.0000000000000000
0.8754168509973889	0.0000000000000000	0.0000000000000000	0.1245831490026112

MOTIF SOX13_top10_7mers
letter-probability matrix: alength= 4 w= 7 nsites= 10
1.0000000000000000	0.0000000000000000	0.0000000000000000	0.0000000000000000
0.0000000000000000	1.0000000000000000	0.0000000000000000	0.0000000000000000
1.0000000000000000	0.0000000000000000	0.0000000000000000	0.0000000000000000
1.0000000000000000	0.0000000000000000	0.0000000000000000	0.0000000000000000
0.0000000000000000	0.0000000000000000	0.0000000000000000	1.0000000000000000
0.8409254405835616	0.0000000000000000	0.1590745594164384	0.0000000000000000
0.1182197199210567	0.1123271837906988	0.7694530962882444	0.0000000000000000

MOTIF SOX13_IDR_top10_7mers
letter-probability matrix: alength= 4 w= 7 nsites= 10
1.0000000000000000	0.0000000000000000	0.0000000000000000	0.0000000000000000
0.0787865806095803	0.8208973869789394	0.0000000000000000	0.1003160324114802
0.0946467512368164	0.0000000000000000	0.0863211921423206	0.8190320566208630
0.6452496839705107	0.1605848585838329	0.1003160324114802	0.0938494250341762
0.8208973869789394	0.0787865806095803	0.1003160324114802	0.0000000000000000
0.1867450280608172	0.5937110512963548	0.0000000000000000	0.2195439206428280
0.2805408536005687	0.4994630996596089	0.0000000000000000	0.2199960467398224

MOTIF SOX17_top10_7mers
letter-probability matrix: alength= 4 w= 7 nsites= 10
1.0000000000000000	0.0000000000000000	0.0000000000000000	0.0000000000000000
0.0000000000000000	1.0000000000000000	0.0000000000000000	0.0000000000000000
1.0000000000000000	0.0000000000000000	0.0000000000000000	0.0000000000000000
1.0000000000000000	0.0000000000000000	0.0000000000000000	0.0000000000000000
0.0000000000000000	0.0000000000000000	0.0000000000000000	1.0000000000000000
0.6525284686142019	0.0000000000000000	0.3474715313857980	0.0000000000000000
0.0000000000000000	0.0000000000000000	1.0000000000000000	0.0000000000000000

MOTIF SOX17_DBD_top10_7mers
letter-probability matrix: alength= 4 w= 7 nsites= 10
0.0000000000000000	0.0000000000000000	0.0000000000000000	1.0000000000000000
1.0000000000000000	0.0000000000000000	0.0000000000000000	0.0000000000000000
0.0000000000000000	0.5980656501135120	0.0000000000000000	0.4019343498864880
0.0992907703277959	0.0000000000000000	0.0000000000000000	0.9007092296722041
1.0000000000000000	0.0000000000000000	0.0000000000000000	0.0000000000000000
0.0000000000000000	0.0000000000000000	0.0000000000000000	1.0000000000000000
0.8791933672465296	0.0000000000000000	0.0000000000000000	0.1208066327534703

MOTIF SOX30_DBD_top10_7mers
letter-probability matrix: alength= 4 w= 7 nsites= 10
0.0000000000000000	0.1847011602876955	0.0000000000000000	0.8152988397123044
1.0000000000000000	0.0000000000000000	0.0000000000000000	0.0000000000000000
0.0000000000000000	0.4197947259800348	0.0000000000000000	0.5802052740199650
0.1033325574153679	0.0000000000000000	0.0000000000000000	0.8966674425846320
1.0000000000000000	0.0000000000000000	0.0000000000000000	0.0000000000000000
0.0000000000000000	0.0000000000000000	0.0000000000000000	1.0000000000000000
0.8783762905237913	0.0000000000000000	0.0000000000000000	0.1216237094762087

MOTIF SOX5_top10_7mers
letter-probability matrix: alength= 4 w= 7 nsites= 10
1.0000000000000000	0.0000000000000000	0.0000000000000000	0.0000000000000000
0.0000000000000000	1.0000000000000000	0.0000000000000000	0.0000000000000000
1.0000000000000000	0.0000000000000000	0.0000000000000000	0.0000000000000000
1.0000000000000000	0.0000000000000000	0.0000000000000000	0.0000000000000000
0.0000000000000000	0.0000000000000000	0.0000000000000000	1.0000000000000000
0.7416493424425145	0.0000000000000000	0.2583506575574855	0.0000000000000000
0.1058874805408233	0.0000000000000000	0.8941125194591767	0.0000000000000000

MOTIF SOX5_IDR_top10_7mers
letter-probability matrix: alength= 4 w= 7 nsites= 10
0.5197061032327579	0.0000000000000000	0.4802938967672420	0.0000000000000000
0.0000000000000000	1.0000000000000000	0.0000000000000000	0.0000000000000000
0.8893108012272756	0.0000000000000000	0.0000000000000000	0.1106891987727244
0.7681695366761145	0.1363831913109773	0.0954472720129083	0.0000000000000000
0.0000000000000000	0.0000000000000000	0.0000000000000000	1.0000000000000000
1.0000000000000000	0.0000000000000000	0.0000000000000000	0.0000000000000000
0.0000000000000000	0.0000000000000000	0.8829743538348038	0.1170256461651962

MOTIF SOX6_top10_7mers
letter-probability matrix: alength= 4 w= 7 nsites= 10
1.0000000000000000	0.0000000000000000	0.0000000000000000	0.0000000000000000
0.0000000000000000	0.9150533408982566	0.0849466591017434	0.0000000000000000
0.9167104777396835	0.0000000000000000	0.0000000000000000	0.0832895222603165
1.0000000000000000	0.0000000000000000	0.0000000000000000	0.0000000000000000
0.0000000000000000	0.1517877967211448	0.0000000000000000	0.8482122032788552
0.8132811508529155	0.0000000000000000	0.1867188491470845	0.0000000000000000
0.0000000000000000	0.0000000000000000	1.0000000000000000	0.0000000000000000

MOTIF SOX6_IDR_top10_7mers
letter-probability matrix: alength= 4 w= 7 nsites= 10
0.6560192748046492	0.0000000000000000	0.3439807251953508	0.0000000000000000
0.0000000000000000	1.0000000000000000	0.0000000000000000	0.0000000000000000
0.7869492128268545	0.0000000000000000	0.0000000000000000	0.2130507871731455
0.8660422493947080	0.1339577506052921	0.0000000000000000	0.0000000000000000
0.1479336542275715	0.0871215686954845	0.0000000000000000	0.7649447770769441
0.8259562480669358	0.1740437519330642	0.0000000000000000	0.0000000000000000
0.0000000000000000	0.1025464901577338	0.8974535098422661	0.0000000000000000

MOTIF TGIF1_top10_7mers
letter-probability matrix: alength= 4 w= 7 nsites= 10
0.1601624200362101	0.3370594665354153	0.3453770724078879	0.1574010410204866
0.0000000000000000	1.0000000000000000	0.0000000000000000	0.0000000000000000
0.0000000000000000	0.0000000000000000	0.0000000000000000	1.0000000000000000
0.0000000000000000	0.0000000000000000	1.0000000000000000	0.0000000000000000
0.0000000000000000	0.0000000000000000	0.0000000000000000	1.0000000000000000
0.0000000000000000	1.0000000000000000	0.0000000000000000	0.0000000000000000
1.0000000000000000	0.0000000000000000	0.0000000000000000	0.0000000000000000

MOTIF TGIF2_top10_7mers
letter-probability matrix: alength= 4 w= 7 nsites= 10
0.1602488168205330	0.3474079652492280	0.3471902372517641	0.1451529806784749
0.0000000000000000	1.0000000000000000	0.0000000000000000	0.0000000000000000
0.0000000000000000	0.0000000000000000	0.0000000000000000	1.0000000000000000
0.0000000000000000	0.0000000000000000	1.0000000000000000	0.0000000000000000
0.0000000000000000	0.0000000000000000	0.0000000000000000	1.0000000000000000
0.0000000000000000	1.0000000000000000	0.0000000000000000	0.0000000000000000
1.0000000000000000	0.0000000000000000	0.0000000000000000	0.0000000000000000

MOTIF TGIF2LX_top10_7mers
letter-probability matrix: alength= 4 w= 7 nsites= 10
0.0000000000000000	0.6114470501201434	0.2400659865038931	0.1484869633759634
0.0000000000000000	1.0000000000000000	0.0000000000000000	0.0000000000000000
0.0000000000000000	0.0000000000000000	0.0000000000000000	1.0000000000000000
0.0000000000000000	0.0000000000000000	1.0000000000000000	0.0000000000000000
0.0000000000000000	0.0000000000000000	0.0000000000000000	1.0000000000000000
0.0000000000000000	1.0000000000000000	0.0000000000000000	0.0000000000000000
1.0000000000000000	0.0000000000000000	0.0000000000000000	0.0000000000000000

